3
30 3 30 
zhangsan
12346
beijing
0123
2021
6
1
28
17
22.5
20
2021
6
2
29
14
21.5
0
2021
6
3
28
17
22.5
0
2021
6
4
30
16
23
0
2021
6
5
34
18
26
0
2021
6
6
33
20
26.5
5
2021
6
7
27
19
23
0
2021
6
8
29
21
25
5
2021
6
9
25
19
22
5
2021
6
10
32
18
25
0
2021
6
11
36
20
28
0
2021
6
12
36
24
30
0
2021
6
13
34
23
28.5
20
2021
6
14
25
23
24
3
2021
6
15
30
21
25.5
0
2021
6
16
22
20
21
3
2021
6
17
32
19
25.5
0
2021
6
18
34
19
26.5
0
2021
6
19
37
20
28.5
0
2021
6
20
36
21
28.5
0
2021
6
21
35
21
28
0
2021
6
22
32
21
26.5
3
2021
6
23
25
22
23.5
3
2021
6
24
27
20
23.5
0
2021
6
25
28
22
25
20
2021
6
26
28
23
25.5
0
2021
6
27
33
23
28
0
2021
6
28
30
22
26
10
20221
6
29
27
22
24.5
0
2021
6
30
30
23
26.5
0
neimenggu
0123
2021
7
8
20
10
15
0
2021
7
9
23
18
20.5
0
0
0
0
0
0
0
0
changsha
0371
2021
6
1
33
24
28.5
0
2021
6
2
29
23
26
0
2021
6
3
26
18
22
10
2021
6
4
28
16
22
0
2021
6
5
32
17
24.5
0
2021
6
6
34
19
26.5
0
2021
6
7
34
23
28.5
0
2021
6
8
37
23
30
0
2021
6
9
37
25
31
10
2021
6
10
26
22
24
10
2021
6
11
30
23
26.5
0
2021
6
12
35
25
30
0
2021
6
13
34
27
30.5
0
2021
6
14
35
27
31
0
2021
6
15
35
28
31.5
0
2021
6
16
36
27
31.5
0
2021
6
17
35
26
30.5
10
2021
6
18
27
22
24.5
0
2021
6
19
24
21
22.5
20
2021
6
20
26
21
23.5
5
2021
6
21
31
22
26.5
0
2021
6
22
31
23
27
0
2021
6
23
34
25
29.5
0
2021
6
24
36
25
30.5
0
2021
6
25
36
27
31.5
0
2021
6
26
36
28
32
0
2021
6
27
34
26
30
5
2021
6
28
30
25
27.5
10
2021
6
29
30
25
27.5
15
2021
6
30
30
26
28
15
